addressList = [4122,
    4123,
    4124,
    4125,
    4126,
    4127,
    4128,
    4129,
    4130,
    4131,
    4132,
    4133,
    4141,
    4354,
    4359,
    4363,
    4364,
    4367,
    4369,
    4372,
    4373,
    4377,
    4378,
    4379,
    4381,
    4384,
    4385,
    4386,
    4388,
    4392,
    4394,
    4395,
    4396,
    4400,
    4401,
    4403,
    4405,
    4407,
    4410,
    4412,
    4415,
    4418,
    4422,
    4424,
    4426,
    4429,
    4430,
    4437,
    4553,
    4554,
    4565,
    4568,
    4569,
    4970,
    4972,
    5093,
    5095,
    5098,
    5099,
    5100,
    5101,
    5102,
    5140,
    5141,
    5142,
    5144,
    5145,
    5146,
    5147,
    5148,
    5149,
    5150,
    5151,
    5152,
    5154,
    5155,
    5157,
    5158,
    5159,
    5160,
    5161,
    5162,
    5163,
    5164,
    5165,
    5166,
    5168,
    5169,
    5170,
    5171,
    5172,
    5173,
    5174,
    5175,
    5176,
    5177,
    5178,
    5180,
    5184,
    5185,
    5188,
    5189,
    5191,
    5192,
    5193,
    5194,
    5195,
    5196,
    5197,
    5198,
    5199,
    5200,
    5201,
    5203,
    5204,
    5206,
    5207,
    5208,
    5209,
    5211,
    5212,
    5213,
    5214,
    5215,
    5216,
    5217,
    5218,
    5219,
    5221,
    5222,
    5225,
    5228,
    5229,
    5231,
    5232,
    5233,
    5234,
    5235,
    5238,
    5239,
    5240,
    5241,
    5242,
    5244,
    5245,
    5246,
    5248,
    5249,
    5250,
    5251,
    5252,
    5253,
    5254,
    5255,
    5257,
    5258,
    5379,
    5380,
    5381,
    5382,
    5383,
    5384,
    5385,
    5386,
    5387,
    5388,
    5389,
    5390,
    5391,
    5393,
    5394,
    5395,
    5396,
    5397,
    5398,
    5399,
    5400,
    5402,
    5403,
    5405,
    5407,
    5408,
    5409,
    5410,
    5411,
    5412,
    5413,
    5414,
    5415,
    5416,
    5419,
    5421,
    5422,
    5423,
    5425,
    5431,
    5432,
    5434,
    5436,
    5437,
    5438,
    5439,
    5442,
    5445,
    5446,
    5447,
    5448,
    5450,
    5451,
    5452,
    5453,
    5454,
    5455,
    5456,
    5457,
    5458,
    5459,
    5460,
    5461,
    5462,
    5465,
    5466,
    5467,
    5468,
    5470,
    5471,
    5472,
    5473,
    5474,
    5475,
    5476,
    5477,
    5478,
    5479,
    5480,
    5481,
    5484,
    5486,
    5578,
    5580,
    5581,
    5582,
    5583,
    5586,
    5587,
    5590,
    5591,
    5592,
    5594,
    5596,
    5602,
    5645,
    5646,
    5647,
    5648,
    5649,
    5651,
    5652,
    5656,
    5657,
    5658,
    5659,
    5660,
    5662,
    5663,
    5664,
    5665,
    5666,
    5667,
    5668,
    5669,
    5670,
    5671,
    5672,
    5673,
    5674,
    5675,
    5676,
    5677,
    5678,
    5680,
    5681,
    5682,
    5683,
    5684,
    5685,
    5687,
    5688,
    5690,
    5691,
    5692,
    5693,
    5694,
    5695,
    5696,
    5697,
    5698,
    5699,
    5700,
    5701,
    5702,
    5703,
    5704,
    5705,
    5706,
    5707,
    5708,
    5709,
    5710,
    5711,
    5712,
    5714,
    5715,
    5718,
    5719,
    5720,
    5721,
    5722,
    5723,
    5724,
    5725,
    5726,
    5727,
    5728,
    5729,
    5730,
    5731,
    5732,
    5733,
    5735,
    5736,
    5737,
    5738,
    5739,
    5740,
    5742,
    5743,
    5744,
    5745,
    5746,
    5747,
    5748,
    5749,
    5750,
    5751,
    5753,
    5754,
    5755,
    5756,
    5757,
    5758,
    5759,
    5760,
    5761,
    5762,
    5763,
    5764,
    5767,
    5768,
    5770,
    5771,
    5772,
    5773,
    5774,
    5775,
    5776,
    5777,
    5780,
    5781,
    5782,
    5783,
    5784,
    5785,
    5786,
    5787,
    5788,
    5789,
    5790,
    5791,
    5792,
    6253,
    6534,
    6536,
    6537,
    6538,
    6539,
    6540,
    6541,
    6543,
    6544,
    6545,
    6557,
    6558,
    6872,
    6918,
    6951,
    7547,
    7548,
    8706,
    8707,
    8709,
    8710,
    8885,
    8886,
    8887,
    8931,
    8932,
    8934,
    8935,
    8936,
    8938,
    8939,
    8974,
    8975,
    8982,
    8988,
    9007,
    9008,
    9009,
    9010,
    9137,
    9138,
    9161,
    9167,
    9401,
    9449,
    9450,
    9479,
    9481,
    9482,
    9485,
    9487,
    9489,
    9490,
    9551,
    9552,
    9553,
    9554,
    9555,
    9556,
    9557,
    9558,
    9561,
    9562,
    9565,
    9566,
    9567,
    9568,
    9569,
    9570,
    9694,
    9695,
    9697,
    9698,
    9701,
    9702,
    9703,
    9704,
    9705,
    9706,
    9707,
    9708,
    9710,
    9711,
    9712,
    9713,
    9794,
    9795,
    9797,
    9799,
    9821,
    10288,
    10313,
    10314,
    10315,
    10317,
    10318,
    10319,
    10320,
    10380,
    10415,
    10416,
    10417,
    10418,
    10419,
    10420,
    10935,
    11162,
    11163,
    11600,
    11601,
    11605,
    11608,
    11609,
    11610,
    11628,
    11629,
    11636,
    11638,
    11639,
    11640,
    11641,
    11642,
    11658,
    11662,
    11663,
    11667,
    11668,
    11669,
    11670,
    11673,
    11693,
    11709,
    11715,
    11721,
    11723,
    11731,
    11736,
    11749,
    11750,
    11756,
    11757,
    11773,
    11775,
    11776,
    11778,
    11779,
    11780,
    11781,
    11782,
    11783,
    11784,
    11785,
    11789,
    11791,
    11792,
    11793,
    11794,
    11795,
    11797,
    11798,
    11800,
    11801,
    12942,
    12960,
    12961,
    12974,
    12981,
    12984,
    12993,
    12996,
    12999,
    13005,
    13008,
    13014,
    13025,
    13032,
    13042,
    13045,
    13052,
    13053,
    13064,
    13066,
    13068,
    13069,
    13070,
    13083,
    13090,
    13106,
    13108,
    13109,
    13118,
    13121,
    13122,
    13128,
    13133,
    13137,
    13140,
    13147,
    13180,
    13183,
    13187,
    13192,
    13203,
    13204,
    13208,
    13211,
    13215,
    13216,
    13217,
    13218,
    13220,
    13221,
    13243,
    13245,
    13249,
    13250,
    13252,
    13258,
    13270,
    13271,
    13274,
    13278,
    13285,
    13301,
    13308,
    13348,
    13350,
    13357,
    13359,
    13361,
    13364,
    13366,
    13374,
    13375,
    13376,
    13379,
    13380,
    13382,
    13383,
    13384,
    13406,
    13407,
    13444,
    13447,
    13450,
    13475,
    13499,
    13504,
    13509,
    13512,
    13513,
    13514,
    13516,
    13521,
    13523,
    13524,
    13526,
    13530,
    13532,
    13535,
    13536,
    13537,
    13540,
    13541,
    13594,
    13595,
    13612,
    13613,
    13614,
    13619,
    13735,
    13767,
    13768,
    13769,
    15216,
    15217,
    15473,
    15475,
    15477,
    15478,
    15480,
    15481,
    15482,
    15483,
    15484,
    15485,
    15486,
    15487,
    15488,
    15489,
    15498,
    15500,
    15501,
    15504,
    15505,
    15508,
    15519,
    15528,
    15652,
    15653,
    15654,
    15659,
    15678,
    15807,
    15808,
    15809,
    15810,
    15812,
    15813,
    15815,
    15945,
    16178,
    16184,
    16190,
    16205,
    16206,
    16211,
    16228,
    16229,
    16231,
    16232,
    16233,
    16247,
    16248,
    16249,
    16250,
    16355,
    16356,
    16363,
    16370,
    16371,
    16374,
    16375,
    16376,
    16378,
    16384,
    16385,
    16416,
    16417,
    16418,
    16419,
    16429,
    16432,
    16433,
    16434,
    16438,
    16455,
    16468,
    16474,
    16488,
    16493,
    16506,
    16518,
    16519,
    16520,
    16521,
    16522,
    16526,
    16529,
    16531,
    16533,
    16534,
    16535,
    16536,
    16537,
    16538,
    16539,
    16540,
    16541,
    16544,
    16549,
    16553,
    16554,
    16555,
    16556,
    16562,
    16567,
    16568,
    16569,
    16570,
    16571,
    16576,
    16577,
    16579,
    16583,
    16584,
    16603,
    16610,
    16620,
    16622,
    16625,
    16626,
    16639,
    16640,
    16655,
    16656,
    16662,
    16665,
    16666,
    16668,
    16669,
    16671,
    16675,
    16676,
    16721,
    16722,
    16788,
    16789,
    16790,
    16799,
    16800,
    16813,
    16816,
    16818,
    16819,
    16820,
    16822,
    16823,
    16825,
    16826,
    16827,
    16828,
    16829,
    16830,
    16840,
    16841,
    16842,
    16845,
    16847,
    16862,
    16864,
    16865,
    16869,
    16872,
    16873,
    16874,
    16875,
    16877,
    16879,
    16880,
    16881,
    16882,
    16883,
    16884,
    16885,
    16886,
    16887,
    16888,
    16889,
    16890,
    16892,
    16893,
    16894,
    16895,
    16896,
    16898,
    16927,
    16933,
    16936,
    16937,
    16938,
    16939,
    16945,
    16947,
    16984,
    17007,
    17008,
    17024,
    17046,
    17047,
    17049,
    17055,
    17056,
    17057,
    17060,
    17061,
    17062,
    17064,
    17066,
    17067,
    17068,
    17069,
    17071,
    17072,
    17073,
    17091,
    17094,
    17097,
    17159,
    17160,
    17161,
    17164,
    17173,
    17175,
    17176,
    17182,
    17195,
    18473,
    18494,
    18518,
    18523,
    18525,
    18526,
    18527,
    18528,
    18529,
    18530,
    18533,
    18534,
    18552,
    18568,
    18572,
    18577,
    18578,
    18580,
    18587,
    18588,
    18589,
    18590,
    18599,
    18601,
    18602,
    18603,
    18611,
    18613,
    18627,
    18628,
    18629,
    18632,
    18666,
    18694,
    18700,
    18704,
    18707,
    18709,
    18710,
    18712,
    18713,
    18715,
    18717,
    18719,
    18721,
    18722,
    18723,
    18724,
    18730,
    18733,
    18735,
    18737,
    18740,
    18742,
    18743,
    18745,
    18746,
    18750,
    18752,
    18754,
    18755,
    18757,
    18759,
    18760,
    18763,
    18773,
    18775,
    18785,
    18813,
    18815,
    18816,
    18817,
    18818,
    18819,
    18824,
    18828,
    18830,
    18838,
    18847,
    18851,
    18854,
    18879,
    18881,
    18883,
    18884,
    18887,
    18892,
    18895,
    18896,
    18898,
    18899,
    18900,
    18901,
    18902,
    18903,
    18904,
    18905,
    18907,
    18908,
    18910,
    18911,
    18913,
    18916,
    18918,
    18922,
    18924,
    18925,
    18932,
    18933,
    18934,
    18935,
    18938,
    18939,
    18943,
    18944,
    19049,
    19172,
    19174,
    19175,
    19176,
    19180,
    19186,
    19188,
    19190,
    19192,
    19243,
    19244,
    19246,
    19247,
    19248,
    19250,
    19252,
    19253,
    19254,
    19264,
    19265,
    19271,
    19272,
    19273,
    19279,
    2389,
    2390,
    2392,
    2397,
    2399,
    2400,
    2408,
    2409,
    2413,
    2442,
    2443,
    2444,
    2476,
    2477,
    2482,
    2483,
    2491,
    2492,
    2497,
    2500,
    2502,
    2504,
    2510,
    2512,
    2513,
    2525,
    2526,
    2531,
    2538,
    2540,
    2544,
    2545,
    2555,
    2563,
    2567,
    2573,
    2574,
    2577,
    2589,
    2590,
    2592,
    2595,
    2596,
    2599,
    2604,
    2609,
    2610,
    2616,
    2631,
    2636,
    2640,
    2643,
    2646,
    2647,
    2650,
    2652,
    2653,
    2656,
    2658,
    2659,
    2660,
    2661,
    2663,
    2664,
    2665,
    2666,
    2669,
    2671,
    2674,
    2698,
    2711,
    2729,
    2734,
    2739,
    2740,
    2745,
    2748,
    2749,
    2753,
    2757,
    2758,
    2759,
    2760,
    2761,
    2769,
    2770,
    2783,
    2792,
    2799,
    2801,
    2810,
    2812,
    2819,
    2825,
    2831,
    2836,
    2837,
    2843,
    2845,
    2849,
    2852,
    2854,
    2865,
    2872,
    2876,
    2878,
    2884,
    2893,
    2894,
    2897,
    2898,
    2900,
    2902,
    2903,
    2904,
    2905,
    2906,
    2908,
    2909,
    2913,
    2914,
    2916,
    2918,
    2926,
    2928,
    2934,
    2936,
    2937,
    2940,
    2942,
    2947,
    2950,
    2951,
    2954,
    2955,
    2962,
    2965,
    2967,
    2968,
    2970,
    2972,
    2973,
    2976,
    2977,
    2979,
    2981,
    2989,
    2990,
    2991,
    2992,
    2993,
    2994,
    2996,
    2997,
    2998,
    3001,
    3003,
    3009,
    3011,
    3015,
    3017,
    3021,
    3024,
    3038,
    3039,
    3041,
    3043,
    3047,
    3048,
    3051,
    3061,
    3070,
    3073,
    3076,
    3081,
    3082,
    3085,
    3087,
    3094,
    3098,
    3100,
    3104,
    3108,
    3110,
    3114,
    3116,
    3345,
    3346,
    3347,
    3348,
    3349,
    3350,
    3353,
    3354,
    3355,
    3356,
    3357,
    3358,
    3359,
    3360,
    3361,
    3362,
    3363,
    3365,
    3366,
    3367,
    3368,
    3369,
    3370,
    3371,
    3372,
    3373,
    3374,
    3375,
    3376,
    3377,
    3378,
    3379,
    3380,
    3381,
    3382,
    3383,
    3384,
    3385,
    3386,
    3387,
    3388,
    3389,
    3392,
    3393,
    3394,
    3395,
    3396,
    3397,
    3398,
    3399,
    3400,
    3401,
    3402,
    3403,
    3404,
    3405,
    3406,
    3407,
    3408,
    3409,
    3410,
    3411,
    3412,
    3413,
    3414,
    3415,
    3416,
    3417,
    3418,
    3419,
    3420,
    3421,
    3422,
    3423,
    3424,
    3425,
    3426,
    3427,
    3428,
    3429,
    3430,
    3431,
    3432,
    3433,
    3434,
    3435,
    3436,
    3437,
    3438,
    3439,
    3440,
    3441,
    3442,
    3443,
    3444,
    3445,
    3446,
    3447,
    3448,
    3449,
    3450,
    3451,
    3452,
    3453,
    3454,
    3455,
    3456,
    3457,
    3458,
    3459,
    3460,
    3461,
    3462,
    3463,
    3464,
    3465,
    3466,
    3467,
    3468,
    3469,
    3470,
    3471,
    3472,
    3473,
    3474,
    3475,
    3476,
    3477,
    3478,
    3481,
    3482,
    3484,
    3485,
    3486,
    3487,
    3488,
    3489,
    3490,
    3491,
    3492,
    3493,
    3494,
    3495,
    3496,
    3497,
    3498,
    3499,
    3500,
    3501,
    3502,
    3503,
    3504,
    3505,
    3506,
    3507,
    3508,
    3509,
    3510,
    3511,
    3512,
    3514,
    3515,
    3516,
    3517,
    3518,
    3519,
    3520,
    3521,
    3522,
    3523,
    3524,
    3525,
    3526,
    3527,
    3528,
    3529,
    3530,
    3533,
    3534,
    3535,
    3536,
    3537,
    3538,
    3540,
    3541,
    3542,
    3543,
    3544,
    3545,
    3546,
    3547,
    3548,
    3549,
    3550,
    3551,
    3552,
    3553,
    3554,
    3555,
    3556,
    3557,
    3558,
    3559,
    3560,
    3561,
    3562,
    3563,
    3564,
    3565,
    3566,
    3567,
    3568,
    3569,
    3570,
    3571,
    3572,
    3573,
    3574,
    3575,
    3576,
    3577,
    3578,
    3579,
    3580,
    3581,
    3582,
    3583,
    3584,
    3585,
    3586,
    3587,
    3589,
    3590,
    3591,
    3592,
    3593,
    3594,
    3595,
    3596,
    3597,
    3598,
    3599,
    3600,
    3601,
    3602,
    3603,
    3604,
    3605,
    3606,
    3607,
    3608,
    3609,
    3610,
    3611,
    3612,
    3613,
    3614,
    3615,
    3616,
    3617,
    3618,
    3619,
    3620,
    3621,
    3622,
    3623,
    3624,
    3625,
    3626,
    3627,
    3628,
    3629,
    3630,
    3631,
    3632,
    3633,
    3634,
    3635,
    3636,
    4032,
    4033,
    4034,
    4035,
    4038,
    4043,
    4055,
    4061,
    4079,
    4082,
    4083,
    4084,
    4085,
    4086,
    4088,
    4090,
    4092,
    4093,
    4094,
    4095,
    4096,
    4097,
    4098,
    4101,
    4103,
    4106,
    4109,
    4110,
    4143,
    4145,
    4152,
    4172,
    4173,
    4193,
    4198,
    4199,
    4201,
    4203,
    4204,
    4205,
    4207,
    4216,
    4223,
    4225,
    4227,
    4234,
    4236,
    4250,
    4253,
    4258,
    4266,
    4274,
    4279,
    4282,
    4296,
    4301,
    4302,
    4306,
    4308,
    4313,
    4323,
    4325,
    4327,
    4336,
    4342,
    4349,
    4350,
    4355,
    4356,
    4548,
    4555,
    4556,
    4557,
    4558,
    4559,
    4560,
    4561,
    4562,
    4564,
    4567,
    4570,
    4572,
    4577,
    4578,
    4579,
    4580,
    4582,
    4583,
    4586,
    4591,
    4592,
    4593,
    4596,
    4597,
    4598,
    4599,
    4600,
    4601,
    4602,
    4603,
    4604,
    4608,
    4610,
    4612,
    4629,
    4632,
    4633,
    4636,
    4637,
    4644,
    4651,
    4653,
    4654,
    4660,
    4665,
    4666,
    4667,
    4668,
    4670,
    4671,
    4672,
    4673,
    4674,
    4675,
    4676,
    4677,
    4678,
    4680,
    4681,
    4682,
    4684,
    4685,
    4688,
    4689,
    4690,
    4691,
    4693,
    4695,
    4696,
    4697,
    4698,
    4699,
    4700,
    4701,
    4702,
    4703,
    4705,
    4706,
    4707,
    4708,
    4709,
    4711,
    4712,
    4713,
    4714,
    4717,
    4718,
    4720,
    4721,
    4722,
    4723,
    4727,
    4728,
    4730,
    4731,
    4732,
    4736,
    4737,
    4738,
    4740,
    4741,
    4742,
    4744,
    4745,
    4746,
    4747,
    4751,
    4752,
    4753,
    4755,
    4758,
    4759,
    4769,
    4770,
    4771,
    4773,
    4775,
    4776,
    4777,
    4778,
    4779,
    4780,
    4782,
    4783,
    4784,
    4785,
    4786,
    4788,
    4789,
    4790,
    4791,
    4792,
    4793,
    4794,
    4795,
    4796,
    4797,
    4798,
    4800,
    4802,
    4803,
    4805,
    4806,
    4809,
    4810,
    4811,
    4812,
    4813,
    4814,
    4815,
    4818,
    4822,
    4823,
    4824,
    4825,
    4826,
    4827,
    4828,
    4829,
    4830,
    4831,
    4832,
    4833,
    4835,
    4836,
    4837,
    4841,
    4842,
    4844,
    4845,
    4846,
    4848,
    4850,
    4851,
    4852,
    4853,
    4854,
    4856,
    4858,
    4859,
    4861,
    4865,
    4866,
    4868,
    4871,
    4876,
    4878,
    4879,
    4882,
    4886,
    4888,
    4892,
    4894,
    4899,
    4900,
    4903,
    4913,
    4915,
    4921,
    4923,
    4924,
    4926,
    4928,
    4930,
    4935,
    4938,
    4939,
    4941,
    4942,
    4948,
    4949,
    4950,
    4953,
    4954,
    4958,
    4961,
    4962,
    4963,
    4964,
    4965,
    4968,
    4971,
    4973,
    4975,
    4979,
    4983,
    4984,
    4987,
    4989,
    4993,
    5002,
    5004,
    5005,
    5006,
    5011,
    5012,
    5018,
    5021,
    5023,
    5024,
    5047,
    5049,
    5066,
    5069,
    5070,
    5074,
    5075,
    5077,
    5082,
    5086,
    5087,
    5088,
    5089,
    5094,
    5104,
    5108,
    5111,
    5112,
    5113,
    5114,
    5118,
    5119,
    5123,
    5124,
    5125,
    5127,
    5128,
    5129,
    5133,
    5134,
    5135,
    5136,
    5139,
    5260,
    5610,
    5612,
    5615,
    5794,
    5795,
    5796,
    5797,
    5798,
    5799,
    5800,
    5801,
    5802,
    5803,
    5804,
    5805,
    5806,
    5807,
    5808,
    5809,
    5810,
    5811,
    5812,
    5813,
    5814,
    5815,
    5816,
    5817,
    5818,
    5819,
    5820,
    5821,
    5822,
    5823,
    5824,
    5825,
    5826,
    5827,
    5828,
    5829,
    5830,
    5831,
    5832,
    5833,
    5834,
    5836,
    5837,
    5838,
    5839,
    5840,
    5841,
    5842,
    5843,
    5844,
    5845,
    5846,
    5847,
    5848,
    5849,
    5850,
    5851,
    6254,
    6255,
    6529,
    6530,
    6533,
    6542,
    6636,
    6638,
    6640,
    6642,
    6644,
    6647,
    6650,
    6654,
    6655,
    6664,
    6667,
    6674,
    6677,
    6679,
    6692,
    6696,
    6698,
    6708,
    6713,
    6721,
    6723,
    6725,
    6734,
    6736,
    6738,
    6752,
    6756,
    6759,
    6767,
    6769,
    6770,
    6771,
    6776,
    6779,
    6780,
    6787,
    6796,
    6798,
    6799,
    6800,
    6801,
    6805,
    6816,
    6822,
    6873,
    6874,
    7578,
    7582,
    7583,
    7584,
    7585,
    7586,
    7587,
    7589,
    7590,
    7591,
    7592,
    7593,
    7594,
    7595,
    7596,
    7597,
    7598,
    7599,
    7600,
    7601,
    7602,
    7603,
    7604,
    7605,
    7606,
    7607,
    7608,
    7610,
    7611,
    7612,
    7613,
    7614,
    7615,
    7616,
    7617,
    7618,
    7619,
    7621,
    7622,
    7623,
    7624,
    7625,
    7626,
    7627,
    7632,
    7633,
    7634,
    7635,
    7636,
    7638,
    7639,
    7640,
    7641,
    7642,
    7643,
    7644,
    7645,
    7646,
    7647,
    7648,
    7649,
    7650,
    7651,
    7652,
    7653,
    7654,
    7655,
    7656,
    7657,
    7658,
    7659,
    7660,
    7661,
    7662,
    7663,
    7664,
    7667,
    7668,
    7669,
    7671,
    7672,
    7673,
    7674,
    7675,
    7676,
    7677,
    7678,
    7679,
    7680,
    7681,
    7682,
    7683,
    7684,
    7685,
    7686,
    7687,
    7688,
    7689,
    7690,
    7691,
    7692,
    7693,
    7694,
    7695,
    7696,
    7697,
    7698,
    7699,
    7700,
    7701,
    7702,
    7703,
    7704,
    7706,
    7707,
    7708,
    7709,
    7710,
    7711,
    7712,
    7713,
    7714,
    7715,
    7716,
    7718,
    7719,
    7720,
    7721,
    7722,
    7723,
    7724,
    7725,
    7726,
    7727,
    7728,
    7729,
    7730,
    7731,
    7732,
    7733,
    7734,
    7735,
    7736,
    7737,
    7738,
    7739,
    7740,
    7741,
    7742,
    7743,
    7744,
    7745,
    7746,
    7747,
    7748,
    7749,
    7750,
    7751,
    7752,
    7753,
    7754,
    7755,
    7756,
    7757,
    7758,
    7759,
    7760,
    7761,
    7762,
    7763,
    7764,
    7765,
    7766,
    7767,
    7768,
    7769,
    7770,
    7771,
    7772,
    7773,
    7774,
    7775,
    7776,
    7777,
    7778,
    7779,
    7780,
    7781,
    7782,
    7783,
    7784,
    7785,
    7786,
    7787,
    7788,
    7789,
    7790,
    7791,
    7792,
    7793,
    7795,
    7797,
    7798,
    7799,
    7800,
    7801,
    7802,
    7803,
    7804,
    7805,
    7806,
    7807,
    7808,
    7809,
    7810,
    7811,
    7812,
    7813,
    7814,
    7815,
    7817,
    7818,
    7820,
    7821,
    7822,
    7823,
    7824,
    7825,
    7826,
    7827,
    7828,
    7829,
    7830,
    7831,
    7832,
    7833,
    7834,
    7835,
    7836,
    7837,
    7838,
    7839,
    7840,
    7841,
    7842,
    7843,
    7844,
    7845,
    7846,
    7847,
    7848,
    7849,
    7850,
    7851,
    7852,
    7853,
    7854,
    7855,
    7856,
    7857,
    7858,
    7859,
    7860,
    7861,
    7862,
    7863,
    7864,
    7865,
    7866,
    7867,
    7868,
    7869,
    7870,
    7871,
    7872,
    7873,
    7874,
    7875,
    7876,
    7877,
    7878,
    7879,
    7880,
    7881,
    7882,
    7883,
    7884,
    7885,
    7887,
    7888,
    7889,
    7890,
    7891,
    7892,
    7893,
    7894,
    7895,
    7896,
    7897,
    7898,
    7899,
    7900,
    7901,
    7902,
    7903,
    7904,
    7905,
    7906,
    7907,
    7908,
    7909,
    7910,
    7911,
    7912,
    7913,
    7914,
    7915,
    7916,
    7918,
    7919,
    7920,
    7921,
    7922,
    7923,
    7924,
    7925,
    7926,
    7927,
    7928,
    7929,
    7930,
    7931,
    7932,
    7933,
    7934,
    7935,
    7937,
    7938,
    7939,
    7940,
    7941,
    7942,
    7943,
    7944,
    7945,
    7946,
    7947,
    7948,
    7949,
    7950,
    7951,
    7952,
    7953,
    7954,
    7955,
    7956,
    7957,
    7958,
    7959,
    7960,
    7961,
    7962,
    7963,
    7964,
    7965,
    7966,
    7967,
    7968,
    7969,
    7970,
    7971,
    7972,
    7973,
    7974,
    7975,
    7976,
    7977,
    7978,
    7979,
    7980,
    7981,
    7982,
    7983,
    7984,
    7985,
    7986,
    7987,
    7988,
    7989,
    7990,
    7991,
    7992,
    7993,
    7994,
    7995,
    7996,
    7997,
    7998,
    7999,
    8000,
    8001,
    8002,
    8003,
    8004,
    8005,
    8006,
    8007,
    8008,
    8009,
    8010,
    8011,
    8012,
    8013,
    8014,
    8015,
    8016,
    8017,
    8018,
    8019,
    8020,
    8021,
    8022,
    8023,
    8024,
    8025,
    8026,
    8027,
    8028,
    8029,
    8030,
    8031,
    8032,
    8033,
    8034,
    8035,
    8036,
    8037,
    8038,
    8039,
    8041,
    8042,
    8043,
    8044,
    8045,
    8046,
    8047,
    8048,
    8049,
    8050,
    8051,
    8052,
    8053,
    8054,
    8055,
    8056,
    8057,
    8058,
    8059,
    8060,
    8061,
    8062,
    8063,
    8064,
    8065,
    8066,
    8067,
    8068,
    8069,
    8070,
    8071,
    8072,
    8073,
    8074,
    8075,
    8076,
    8077,
    8078,
    8079,
    8080,
    8081,
    8082,
    8083,
    8084,
    8085,
    8086,
    8087,
    8088,
    8089,
    8090,
    8091,
    8092,
    8093,
    8094,
    8095,
    8096,
    8097,
    8098,
    8099,
    8100,
    8101,
    8102,
    8103,
    8104,
    8105,
    8106,
    8107,
    8108,
    8109,
    8110,
    8111,
    8112,
    8113,
    8114,
    8115,
    8116,
    8117,
    8118,
    8119,
    8120,
    8121,
    8122,
    8123,
    8124,
    8125,
    8126,
    8127,
    8128,
    8129,
    8130,
    8131,
    8132,
    8133,
    8134,
    8135,
    8136,
    8137,
    8138,
    8139,
    8140,
    8141,
    8142,
    8143,
    8144,
    8145,
    8146,
    8147,
    8148,
    8149,
    8150,
    8151,
    8152,
    8153,
    8154,
    8155,
    8156,
    8157,
    8158,
    8159,
    8160,
    8161,
    8162,
    8163,
    8164,
    8165,
    8167,
    8168,
    8169,
    8170,
    8171,
    8172,
    8173,
    8174,
    8175,
    8176,
    8177,
    8178,
    8179,
    8180,
    8181,
    8182,
    8183,
    8184,
    8185,
    8186,
    8187,
    8188,
    8189,
    8190,
    8191,
    8192,
    8193,
    8194,
    8195,
    8196,
    8197,
    8198,
    8199,
    8200,
    8201,
    8202,
    8203,
    8204,
    8205,
    8206,
    8207,
    8208,
    8209,
    8210,
    8211,
    8212,
    8213,
    8214,
    8215,
    8216,
    8217,
    8218,
    8219,
    8220,
    8221,
    8222,
    8223,
    8224,
    8225,
    8226,
    8227,
    8228,
    8229,
    8230,
    8231,
    8232,
    8233,
    8234,
    8235,
    8236,
    8237,
    8238,
    8239,
    8240,
    8241,
    8242,
    8243,
    8244,
    8245,
    8246,
    8248,
    8249,
    8251,
    8252,
    8254,
    8256,
    8257,
    8258,
    8259,
    8260,
    8261,
    8262,
    8263,
    8264,
    8265,
    8266,
    8267,
    8268,
    8269,
    8270,
    8271,
    8272,
    8273,
    8274,
    8275,
    8276,
    8277,
    8278,
    8279,
    8280,
    8281,
    8282,
    8283,
    8284,
    8285,
    8286,
    8287,
    8288,
    8289,
    8290,
    8291,
    8292,
    8293,
    8294,
    8295,
    8296,
    8297,
    8298,
    8299,
    8300,
    8301,
    8302,
    8303,
    8304,
    8305,
    8306,
    8307,
    8308,
    8309,
    8310,
    8311,
    8312,
    8313,
    8314,
    8315,
    8316,
    8317,
    8318,
    8319,
    8320,
    8321,
    8322,
    8323,
    8324,
    8325,
    8326,
    8327,
    8328,
    8329,
    8331,
    8332,
    8334,
    8335,
    8336,
    8337,
    8338,
    8339,
    8340,
    8341,
    8342,
    8345,
    8347,
    8348,
    8349,
    8350,
    8351,
    8352,
    8353,
    8355,
    8356,
    8357,
    8358,
    8360,
    8361,
    8362,
    8363,
    8364,
    8366,
    8367,
    8369,
    8370,
    8371,
    8372,
    8373,
    8374,
    8375,
    8376,
    8377,
    8378,
    8379,
    8380,
    8381,
    8382,
    8383,
    8384,
    8385,
    8386,
    8387,
    8388,
    8389,
    8390,
    8391,
    8392,
    8393,
    8394,
    8395,
    8397,
    8398,
    8399,
    8400,
    8401,
    8402,
    8403,
    8404,
    8405,
    8406,
    8407,
    8408,
    8409,
    8410,
    8411,
    8412,
    8413,
    8414,
    8415,
    8416,
    8417,
    8418,
    8419,
    8420,
    8421,
    8422,
    8423,
    8424,
    8425,
    8426,
    8427,
    8429,
    8430,
    8431,
    8433,
    8434,
    8435,
    8436,
    8437,
    8438,
    8440,
    8441,
    8442,
    8443,
    8444,
    8445,
    8446,
    8447,
    8448,
    8449,
    8450,
    8451,
    8452,
    8453,
    8454,
    8455,
    8456,
    8457,
    8458,
    8459,
    8460,
    8461,
    8462,
    8463,
    8464,
    8465,
    8466,
    8467,
    8468,
    8469,
    8470,
    8471,
    8472,
    8473,
    8474,
    8475,
    8476,
    8477,
    8478,
    8479,
    8480,
    8481,
    8482,
    8483,
    8485,
    8486,
    8487,
    8488,
    8489,
    8490,
    8491,
    8492,
    8493,
    8494,
    8495,
    8497,
    8498,
    8499,
    8500,
    8501,
    8502,
    8504,
    8505,
    8506,
    8507,
    8508,
    8509,
    8510,
    8511,
    8512,
    8513,
    8514,
    8516,
    8517,
    8518,
    8519,
    8520,
    8521,
    8522,
    8523,
    8525,
    8526,
    8527,
    8528,
    8529,
    8530,
    8531,
    8532,
    8533,
    8534,
    8535,
    8536,
    8537,
    8538,
    8539,
    8540,
    8541,
    8542,
    8544,
    8545,
    8546,
    8547,
    8548,
    8549,
    8550,
    8551,
    8552,
    8553,
    8554,
    8556,
    8557,
    8558,
    8560,
    8561,
    8564,
    8565,
    8566,
    8567,
    8568,
    8569,
    8570,
    8571,
    8572,
    8573,
    8574,
    8625,
    8626,
    8628,
    8629,
    8630,
    8645,
    8648,
    8649,
    8650,
    8651,
    8652,
    8653,
    8654,
    8655,
    8656,
    8657,
    8658,
    8659,
    8660,
    8661,
    8662,
    8663,
    8664,
    8665,
    8666,
    8667,
    8686,
    8687,
    8688,
    8689,
    8690,
    8691,
    8692,
    8693,
    8694,
    8696,
    8697,
    8698,
    8699,
    8700,
    8701,
    8702,
    8703,
    8704,
    8708,
    8715,
    8716,
    8717,
    8718,
    8719,
    8720,
    8721,
    8722,
    8723,
    8724,
    8725,
    8726,
    8890,
    8891,
    8892,
    8893,
    8894,
    8895,
    8896,
    8897,
    8898,
    8900,
    8901,
    8902,
    8903,
    8904,
    8905,
    8906,
    8907,
    8909,
    8910,
    8911,
    8912,
    8913,
    8914,
    8916,
    8917,
    8918,
    8919,
    8920,
    8921,
    8922,
    8924,
    8929,
    8937,
    8942,
    8943,
    8950,
    8951,
    8952,
    8953,
    8954,
    8955,
    8956,
    8957,
    8958,
    8959,
    8961,
    8962,
    8963,
    8964,
    8965,
    8966,
    8967,
    8968,
    8969,
    8970,
    8971,
    8972,
    8973,
    8981,
    8983,
    8984,
    8986,
    8987,
    9011,
    9027,
    9028,
    9029,
    9030,
    9031,
    9032,
    9033,
    9034,
    9035,
    9036,
    9037,
    9038,
    9039,
    9040,
    9041,
    9042,
    9043,
    9044,
    9045,
    9046,
    9047,
    9048,
    9050,
    9051,
    9052,
    9053,
    9054,
    9055,
    9056,
    9057,
    9058,
    9059,
    9060,
    9061,
    9062,
    9063,
    9065,
    9066,
    9067,
    9068,
    9069,
    9070,
    9071,
    9073,
    9074,
    9075,
    9076,
    9077,
    9078,
    9079,
    9080,
    9081,
    9082,
    9083,
    9084,
    9085,
    9086,
    9087,
    9088,
    9089,
    9090,
    9091,
    9092,
    9093,
    9094,
    9095,
    9096,
    9097,
    9098,
    9099,
    9100,
    9101,
    9102,
    9103,
    9104,
    9105,
    9106,
    9107,
    9108,
    9109,
    9110,
    9111,
    9112,
    9117,
    9120,
    9121,
    9122,
    9123,
    9124,
    9125,
    9126,
    9127,
    9128,
    9129,
    9130,
    9131,
    9132,
    9133,
    9134,
    9135,
    9136,
    9139,
    9140,
    9169,
    9173,
    9174,
    9176,
    9177,
    9178,
    9179,
    9180,
    9181,
    9182,
    9183,
    9184,
    9185,
    9186,
    9187,
    9189,
    9190,
    9191,
    9192,
    9193,
    9194,
    9195,
    9196,
    9197,
    9198,
    9199,
    9200,
    9201,
    9202,
    9203,
    9204,
    9206,
    9207,
    9208,
    9209,
    9210,
    9211,
    9212,
    9230,
    9403,
    9413,
    9414,
    9415,
    9416,
    9417,
    9418,
    9419,
    9420,
    9422,
    9423,
    9424,
    9425,
    9426,
    9427,
    9428,
    9429,
    9430,
    9431,
    9432,
    9433,
    9434,
    9435,
    9436,
    9437,
    9438,
    9439,
    9440,
    9441,
    9442,
    9443,
    9444,
    9445,
    9446,
    9447,
    9448,
    9457,
    9458,
    9459,
    9460,
    9461,
    9462,
    9463,
    9464,
    9465,
    9466,
    9467,
    9468,
    9469,
    9470,
    9471,
    9472,
    9473,
    9474,
    9475,
    9476,
    9477,
    9478,
    9480,
    9486,
    9497,
    9506,
    9507,
    9508,
    9509,
    9510,
    9511,
    9512,
    9513,
    9514,
    9515,
    9516,
    9517,
    9518,
    9519,
    9520,
    9521,
    9522,
    9523,
    9524,
    9525,
    9526,
    9527,
    9528,
    9529,
    9530,
    9531,
    9532,
    9533,
    9534,
    9535,
    9536,
    9537,
    9538,
    9539,
    9540,
    9541,
    9542,
    9543,
    9544,
    9545,
    9546,
    9547,
    9548,
    9549,
    9559,
    9560,
    9563,
    9564,
    9586,
    9587,
    9588,
    9591,
    9593,
    9594,
    9595,
    9596,
    9597,
    9598,
    9599,
    9600,
    9601,
    9602,
    9603,
    9604,
    9605,
    9606,
    9607,
    9608,
    9609,
    9610,
    9611,
    9612,
    9613,
    9614,
    9617,
    9618,
    9619,
    9620,
    9621,
    9622,
    9623,
    9624,
    9625,
    9626,
    9627,
    9628,
    9629,
    9630,
    9631,
    9632,
    9633,
    9634,
    9635,
    9636,
    9637,
    9638,
    9639,
    9640,
    9641,
    9642,
    9643,
    9644,
    9645,
    9646,
    9647,
    9648,
    9649,
    9650,
    9651,
    9652,
    9653,
    9654,
    9655,
    9656,
    9657,
    9658,
    9659,
    9660,
    9661,
    9662,
    9663,
    9664,
    9665,
    9666,
    9667,
    9668,
    9669,
    9670,
    9671,
    9672,
    9673,
    9674,
    9675,
    9676,
    9677,
    9678,
    9679,
    9680,
    9681,
    9682,
    9683,
    9684,
    9686,
    9687,
    9688,
    9689,
    9690,
    9691,
    9741,
    9743,
    9745,
    9746,
    9747,
    9748,
    9749,
    9750,
    9751,
    9752,
    9753,
    9754,
    9755,
    9756,
    9757,
    9758,
    9759,
    9760,
    9761,
    9762,
    9763,
    9764,
    9765,
    9766,
    9767,
    9768,
    9769,
    9770,
    9771,
    9772,
    9773,
    9774,
    9775,
    9776,
    9777,
    9778,
    9779,
    9780,
    9781,
    9782,
    9783,
    9784,
    9785,
    9786,
    9787,
    9788,
    9790,
    9791,
    9792,
    9796,
    9808,
    9809,
    9810,
    9811,
    9812,
    9813,
    9814,
    9815,
    9816,
    9817,
    9818,
    9819,
    9820,
    10292,
    10293,
    10294,
    10295,
    10296,
    10297,
    10298,
    10299,
    10300,
    10301,
    10302,
    10303,
    10304,
    10305,
    10306,
    10307,
    10308,
    10309,
    10310,
    10311,
    10347,
    10349,
    10350,
    10351,
    10352,
    10353,
    10354,
    10355,
    10356,
    10357,
    10358,
    10359,
    10360,
    10361,
    10362,
    10363,
    10365,
    10366,
    10367,
    10368,
    10369,
    10370,
    10371,
    10372,
    10373,
    10374,
    10375,
    10376,
    10377,
    10378,
    10379,
    10383,
    10384,
    10385,
    10386,
    10387,
    10388,
    10389,
    10390,
    10391,
    10393,
    10394,
    10395,
    10396,
    10397,
    10398,
    10399,
    10403,
    10404,
    10405,
    10406,
    10407,
    10408,
    10409,
    10410,
    10411,
    10412,
    10413,
    10421,
    10422,
    10423,
    10424,
    10425,
    10426,
    10427,
    10428,
    10429,
    11566,
    11567,
    11568,
    11569,
    11570,
    11571,
    11572,
    11573,
    11574,
    11575,
    11576,
    11579,
    11584,
    11585,
    11586,
    11587,
    11588,
    11589,
    11590,
    11592,
    11593,
    11598,
    11603,
    11604,
    11613,
    11618,
    11619,
    11620,
    11621,
    11622,
    11623,
    11624,
    11634,
    11635,
    11674,
    11675,
    11676,
    11677,
    11678,
    11679,
    11680,
    11681,
    11682,
    11683,
    11684,
    11685,
    11686,
    11687,
    11688,
    11690,
    11691,
    11692,
    11695,
    11704,
    11710,
    11716,
    11717,
    11718,
    11722,
    11724,
    11729,
    11748,
    11758,
    11771,
    11790,
    12806,
    12809,
    12810,
    12811,
    12812,
    12813,
    12814,
    12815,
    12816,
    12817,
    12818,
    12819,
    12820,
    12821,
    12822,
    12823,
    12824,
    12825,
    12827,
    12828,
    12829,
    12830,
    12831,
    12832,
    12833,
    12834,
    12835,
    12836,
    12837,
    12838,
    12839,
    12840,
    12841,
    12842,
    12843,
    12844,
    12845,
    12846,
    12847,
    12848,
    12849,
    12850,
    12851,
    12852,
    12853,
    12854,
    12855,
    12856,
    12857,
    12858,
    12859,
    12860,
    12861,
    12862,
    12863,
    12864,
    12865,
    12866,
    12867,
    12868,
    12869,
    12870,
    12871,
    12872,
    12873,
    12874,
    12875,
    12876,
    12877,
    12878,
    12879,
    12880,
    12881,
    12882,
    12883,
    12884,
    12885,
    12886,
    12887,
    12888,
    12889,
    12890,
    12891,
    12892,
    12893,
    12894,
    12895,
    12896,
    12897,
    12898,
    12899,
    12900,
    12901,
    12902,
    12903,
    12904,
    12905,
    12906,
    12908,
    12909,
    12910,
    12911,
    12912,
    12913,
    12914,
    12915,
    12916,
    12917,
    12918,
    12919,
    12920,
    13214,
    13225,
    13237,
    13238,
    13239,
    13240,
    13241,
    13242,
    13246,
    13247,
    13254,
    13255,
    13256,
    13259,
    13260,
    13265,
    13267,
    13290,
    13300,
    13304,
    13305,
    13306,
    13337,
    13340,
    13368,
    13377,
    13394,
    13399,
    13400,
    13426,
    13446,
    13449,
    13454,
    13459,
    13460,
    13461,
    13462,
    13463,
    13464,
    13465,
    13477,
    13500,
    13501,
    13502,
    13505,
    13533,
    13550,
    13555,
    13585,
    13586,
    13587,
    13588,
    13590,
    13599,
    13600,
    13602,
    13626,
    13631,
    13632,
    13633,
    13634,
    13635,
    13636,
    13637,
    13638,
    13639,
    13640,
    13641,
    13642,
    13643,
    13644,
    13645,
    13646,
    13647,
    13648,
    13649,
    13650,
    13651,
    13652,
    13654,
    13655,
    13658,
    13659,
    13660,
    13661,
    13662,
    13663,
    13664,
    13665,
    13666,
    13667,
    13668,
    13669,
    13670,
    13671,
    13672,
    13673,
    13674,
    13675,
    13676,
    13677,
    13678,
    13679,
    13680,
    13681,
    13682,
    13683,
    13684,
    13685,
    13686,
    13687,
    13688,
    13689,
    13690,
    13691,
    13692,
    13693,
    13694,
    13695,
    13696,
    13697,
    13698,
    13699,
    13700,
    13701,
    13702,
    13703,
    13704,
    13705,
    13706,
    13707,
    13708,
    13709,
    13710,
    13711,
    13712,
    13713,
    13714,
    13716,
    13717,
    13718,
    13719,
    13720,
    13721,
    13722,
    13723,
    13724,
    13725,
    13726,
    13727,
    13728,
    13729,
    13730,
    13731,
    13732,
    13733,
    13734,
    13773,
    13781,
    13789,
    13790,
    13795,
    13796,
    13802,
    13803,
    13804,
    13805,
    13806,
    13809,
    13810,
    13811,
    13812,
    13813,
    13814,
    13815,
    13816,
    13817,
    13819,
    13820,
    13821,
    13822,
    13824,
    13825,
    13826,
    13827,
    13828,
    13829,
    13830,
    13831,
    13832,
    13833,
    13835,
    13836,
    13837,
    13838,
    13839,
    13841,
    13843,
    13850,
    13861,
    13862,
    13863,
    13864,
    13868,
    13870,
    13872,
    13873,
    13875,
    13883,
    13892,
    13895,
    13896,
    13897,
    13899,
    13901,
    13907,
    13909,
    13911,
    13913,
    13915,
    13917,
    13919,
    13921,
    13923,
    13925,
    13927,
    13929,
    13931,
    13933,
    13935,
    13936,
    13938,
    13941,
    13946,
    13948,
    13950,
    13953,
    13955,
    13957,
    13959,
    13961,
    13962,
    13963,
    13964,
    13966,
    13972,
    13978,
    13980,
    13981,
    13987,
    13991,
    13993,
    13995,
    13997,
    13999,
    14001,
    14003,
    14005,
    14007,
    14009,
    14011,
    14013,
    14015,
    14017,
    14019,
    14021,
    14023,
    14025,
    14027,
    14029,
    14031,
    14033,
    14035,
    14037,
    14039,
    14041,
    14043,
    14045,
    14047,
    14052,
    14055,
    14056,
    14057,
    14060,
    14063,
    14067,
    14068,
    14070,
    14072,
    14074,
    14076,
    14078,
    14080,
    14082,
    14084,
    14088,
    14090,
    14092,
    14094,
    14096,
    14098,
    14100,
    14104,
    14108,
    14110,
    14111,
    14112,
    14120,
    14125,
    14127,
    14128,
    14130,
    14133,
    14135,
    14136,
    14137,
    14141,
    14143,
    14145,
    14149,
    14150,
    14151,
    14152,
    14153,
    14155,
    14156,
    14159,
    14161,
    14162,
    14164,
    14166,
    14168,
    14172,
    14178,
    14180,
    14181,
    14185,
    14186,
    14187,
    14188,
    14189,
    14193,
    14196,
    14198,
    14200,
    14202,
    14204,
    14206,
    14208,
    14209,
    14211,
    14213,
    14215,
    14217,
    14219,
    14221,
    14224,
    14225,
    14227,
    14229,
    14231,
    14233,
    14235,
    14237,
    14240,
    14243,
    14245,
    14247,
    14249,
    14251,
    14261,
    14264,
    14265,
    14266,
    14267,
    14269,
    14271,
    14273,
    14275,
    14277,
    14279,
    14281,
    14283,
    14284,
    14285,
    14287,
    14291,
    14293,
    14295,
    14297,
    14302,
    14305,
    14307,
    14308,
    14309,
    14320,
    14321,
    14322,
    14324,
    14328,
    14330,
    14334,
    14341,
    14343,
    14345,
    14347,
    14349,
    14351,
    14353,
    14355,
    14359,
    14361,
    14363,
    14365,
    14367,
    14369,
    14371,
    14373,
    14375,
    14377,
    14379,
    14381,
    14383,
    14385,
    14387,
    14389,
    14392,
    14397,
    14399,
    14408,
    14411,
    14415,
    14416,
    14417,
    14421,
    14422,
    14424,
    14426,
    14431,
    14432,
    14435,
    14439,
    14440,
    14445,
    14446,
    14448,
    14449,
    14452,
    14453,
    14462,
    14463,
    14466,
    14472,
    14475,
    14479,
    14480,
    14481,
    14482,
    14483,
    14484,
    14485,
    14486,
    14488,
    14489,
    14491,
    14492,
    14494,
    14495,
    14498,
    14499,
    14500,
    14503,
    14504,
    14509,
    14513,
    14515,
    14517,
    14518,
    14521,
    14529,
    14530,
    14533,
    14536,
    14538,
    14542,
    14543,
    14544,
    14548,
    14550,
    14552,
    14554,
    14561,
    14563,
    14565,
    14567,
    14570,
    14573,
    14575,
    14577,
    14581,
    14583,
    14587,
    14589,
    14590,
    14592,
    14594,
    14595,
    14597,
    14599,
    14604,
    14606,
    14607,
    14608,
    14612,
    14614,
    14619,
    14623,
    14624,
    14628,
    14630,
    14635,
    14639,
    14641,
    14642,
    14643,
    14645,
    14647,
    14649,
    14652,
    14654,
    14659,
    14663,
    14666,
    14668,
    14672,
    14692,
    14694,
    15214,
    15520,
    15521,
    15529,
    15531,
    15532,
    15533,
    15537,
    15538,
    15539,
    15540,
    15541,
    15544,
    15581,
    15587,
    15607,
    15656,
    15750,
    15977,
    15988,
    15989,
    15990,
    15991,
    15992,
    15993,
    15994,
    15995,
    16043,
    16047,
    16048,
    16050,
    16052,
    16055,
    16058,
    16066,
    16071,
    16072,
    16074,
    16076,
    16079,
    16080,
    16112,
    16113,
    16114,
    16115,
    16118,
    16133,
    16134,
    16136,
    16137,
    16198,
    16199,
    16204,
    16221,
    16222,
    16224,
    16319,
    16320,
    16327,
    16328,
    16329,
    16331,
    16332,
    16334,
    16336,
    16338,
    16342,
    16343,
    16344,
    16346,
    16349,
    16350,
    16357,
    16366,
    16390,
    16391,
    16392,
    16393,
    16395,
    16396,
    16399,
    16400,
    16401,
    16402,
    16403,
    16405,
    16408,
    16524,
    16543,
    16552,
    16557,
    16565,
    16575,
    16578,
    16586,
    16588,
    16591,
    16597,
    16601,
    16602,
    16617,
    16660,
    16663,
    16672,
    16673,
    16677,
    16678,
    16682,
    16683,
    16686,
    16688,
    16690,
    16691,
    16692,
    16693,
    16694,
    16699,
    16701,
    16705,
    16707,
    16708,
    16709,
    16711,
    16716,
    16718,
    16719,
    16720,
    16791,
    16797,
    16814,
    16834,
    16835,
    16836,
    16837,
    16839,
    16850,
    16857,
    16860,
    16866,
    16903,
    16909,
    16910,
    16911,
    16915,
    16917,
    16919,
    16920,
    16921,
    16922,
    16924,
    16926,
    16928,
    16930,
    17033,
    17050,
    17076,
    17083,
    17085,
    17108,
    17111,
    17113,
    17115,
    17117,
    17118,
    17119,
    17120,
    17121,
    17122,
    17126,
    17127,
    17128,
    17129,
    17132,
    17137,
    17139,
    17142,
    17144,
    17148,
    17150,
    17155,
    17165,
    17166,
    17167,
    17168,
    17171,
    17174,
    17178,
    17179,
    17180,
    17186,
    17187,
    17188,
    17190,
    17192,
    17193,
    17194,
    17196,
    18537,
    18538,
    18539,
    18549,
    18560,
    18562,
    18574,
    18626,
    18668,
    18670,
    18672,
    18674,
    18676,
    18678,
    18680,
    18681,
    18682,
    18685,
    18686,
    18688,
    18689,
    18695,
    18696,
    18780,
    18781,
    18782,
    18783,
    18787,
    18797,
    18804,
    18814,
    18858,
    18859,
    18865,
    18872,
    18873,
    18909,
    18914,
    18920,
    18921,
    18937,
    18956,
    18957,
    18958,
    18959,
    18960,
    18961,
    18962,
    18963,
    18964,
    18965,
    18966,
    18967,
    18968,
    18969,
    18970,
    18971,
    18972,
    18973,
    18974,
    18975,
    18976,
    18986,
    18993,
    19005,
    19025,
    19026,
    19027,
    19028,
    19030,
    19031,
    19034,
    19035,
    19036,
    19037,
    19040,
    19042,
    19043,
    19044,
    19045,
    19193,
    19195,
    19200,
    19204,
    19206,
    19207,
    19208,
    19209,
    19210,
    19213,
    19214,
    19220,
    19221,
    19222,
    19223,
    19224,
    19225,
    19226,
    19228,
    19229,
    19230,
    19231,
    19232,
    19233,
    19234,
    19255,
    19256,
    19280,
    19281,
    19282,
    4549,
    4550,
    5613,
    7546,
    7576,
    7577,
    15220,
    15221,
    15224,
    15225,
    15226,
    15228,
    15230,
    15231,
    15234,
    15235,
    15236,
    15237,
    15238,
    15239,
    15241,
    15243,
    15246,
    15247,
    15248,
    15250,
    15251,
    15255,
    15256,
    15257,
    15259,
    15260,
    15261,
    15262,
    15265,
    15266,
    15267,
    15269,
    15270,
    15271,
    15272,
    15273,
    15274,
    15275,
    15276,
    15277,
    15282,
    15287,
    15288,
    15290,
    15292,
    15293,
    15297,
    15298,
    15299,
    15303,
    15304,
    15307,
    15309,
    15310,
    15317,
    15320,
    15322,
    15323,
    15324,
    15327,
    15328,
    15331,
    15333,
    15335,
    15336,
    15339,
    15341,
    15342,
    15344,
    15345,
    15348,
    15349,
    15351,
    15354,
    15355,
    15356,
    15358,
    15362,
    15363,
    15368,
    15370,
    15371,
    15372,
    15375,
    15376,
    15377,
    15380,
    15383,
    15386,
    15392,
    15393,
    15395,
    15396,
    15397,
    15399,
    15400,
    15401,
    15403,
    15405,
    15406,
    15407,
    15408,
    15410,
    15411,
    15412,
    15414,
    15418,
    15419,
    15420,
    15421,
    15422,
    15423,
    15424,
    15425,
    15426,
    15427,
    15428,
    15429,
    15430,
    15431,
    15432,
    15433,
    15434,
    15435,
    15436,
    15437,
    15439,
    15440,
    15441,
    15442,
    15443,
    15444,
    15445,
    15446,
    15448,
    15449,
    15450,
    15451,
    15452,
    15453,
    15454,
    15455,
    15456,
    15457,
    15458,
    15459,
    15460,
    15461,
    15463,
    15464,
    15465,
    15466,
    15467,
    15468,
    15469,
    15470,
    15472,
    15522,
    15523,
    15526,
    15527,
    15679,
    15680,
    16223,
    18564,
    18634,
    18635,
    18636,
    18638,
    18645,
    18647,
    18648,
    18650,
    18654,
    18657,
    18660,
    18661,
    18662,
    18663,
    18664,
    18665,
    18801,
    18864,
    19258,
    19259,
    19260,
    19278,
    4449,
    4450,
    4451,
    4452,
    4453,
    4454,
    4455,
    4456,
    4457,
    4458,
    4459,
    4460,
    4461,
    4462,
    4463,
    4464,
    4465,
    4466,
    4467,
    4468,
    4469,
    4470,
    4471,
    4472,
    4473,
    4474,
    4475,
    4476,
    4477,
    4478,
    4479,
    4481,
    4482,
    4483,
    4484,
    4485,
    4486,
    4487,
    4488,
    4489,
    4490,
    4491,
    4492,
    4493,
    4494,
    4495,
    4496,
    4497,
    4498,
    4499,
    4500,
    4501,
    4502,
    4503,
    4504,
    4505,
    4506,
    4507,
    4508,
    4509,
    4510,
    4511,
    4512,
    4513,
    4514,
    4515,
    4516,
    4517,
    4518,
    4519,
    4520,
    4521,
    4522,
    4523,
    4524,
    4525,
    4526,
    4527,
    4528,
    4529,
    4530,
    4531,
    4532,
    4533,
    4534,
    4535,
    4536,
    4537,
    4538,
    4539,
    4540,
    4541,
    4542,
    4543,
    4544,
    4545,
    4546,
    4547,
    4571,
    6256,
    15842,
    15843,
    15845,
    15846,
    15847,
    15848,
    15849,
    15850,
    15851,
    15852,
    15853,
    15854,
    15855,
    15856,
    15857,
    15858,
    15859,
    15860,
    15861,
    15862,
    15863,
    15864,
    15865,
    15866,
    15867,
    15868,
    15869,
    15870,
    15871,
    15872,
    15873,
    15874,
    15875,
    15876,
    15877,
    15878,
    15879,
    15880,
    15881,
    15882,
    15883,
    15884,
    15885,
    15887,
    15888,
    15889,
    15890,
    15891,
    15892,
    15893,
    15894,
    15895,
    15896,
    15897,
    15898,
    15899,
    15900,
    15901,
    15902,
    15903,
    15904,
    15905,
    15907,
    15908,
    15909,
    15910,
    15912,
    15914,
    15915,
    15916,
    15917,
    15918,
    15919,
    15920,
    15921,
    15922,
    15923,
    15924,
    15925,
    15926,
    15927,
    4552,
    18630,
    4969,
    8634,
    8637,
    8642,
    9789,
    16558,
    16559,
    16573,
    16608,
    16611,
    16613,
    16615,
    16627,
    16628,
    16630,
    16631,
    16632,
    16633,
    16634,
    16644,
    16645,
    16667,
    16871,
    16997,
    16999,
    17000,
    17001,
    17011,
    17012,
    17014,
    17015,
    17016,
    17017,
    17018,
    17172,
    18531,
    18532,
    18802,
    19171,
    6282,
    6535,
    15947,
    15948,
    15949,
    15957,
    15972,
    16546,
    18547,
    16564,
    6546,
    6548,
    6549,
    6550,
    6551,
    6552,
    6553,
    6554,
    6555,
    6556,
    6919,
    6920,
    6921,
    6952,
    7549,
    7550,
    7551,
    7552,
    7553,
    7554,
    7555,
    7556,
    7557,
    7558,
    8620,
    8884,
    8976,
    8977,
    8978,
    8979,
    8980,
    8989,
    8990,
    8991,
    8992,
    8993,
    8994,
    8995,
    8996,
    8997,
    8998,
    8999,
    9000,
    9002,
    9003,
    9004,
    9005,
    9020,
    9021,
    9024,
    9025,
    9026,
    9148,
    9149,
    9159,
    9164,
    9166,
    9171,
    9172,
    9392,
    9393,
    9394,
    9395,
    9396,
    9397,
    9398,
    9399,
    9400,
    9693,
    9696,
    9700,
    11611,
    11612,
    11705,
    11714,
    11761,
    11767,
    11769,
    11786,
    11787,
    11788,
    13331,
    13332,
    13333,
    13372,
    13478,
    13479,
    13480,
    13481,
    13482,
    13483,
    13484,
    13485,
    13486,
    13487,
    13488,
    13489,
    13490,
    13491,
    13492,
    13493,
    13494,
    13495,
    13496,
    13497,
    13544,
    13545,
    13546,
    13548,
    13608,
    14699,
    14700,
    14701,
    14702,
    14703,
    15518,
    15550,
    15551,
    15552,
    15553,
    15576,
    15584,
    15585,
    15586,
    15651,
    15664,
    15666,
    15667,
    15668,
    15669,
    15670,
    15671,
    15672,
    15673,
    15674,
    15675,
    15832,
    16139,
    16140,
    16141,
    16142,
    16143,
    16144,
    16145,
    16146,
    16147,
    16148,
    16173,
    16174,
    16175,
    16176,
    16177,
    16209,
    16213,
    16214,
    16215,
    16216,
    16217,
    16218,
    16219,
    16220,
    16234,
    16235,
    16236,
    16237,
    16238,
    16239,
    16240,
    16241,
    16242,
    16243,
    16252,
    16253,
    16254,
    16255,
    16256,
    16257,
    16258,
    16259,
    16261,
    16262,
    16263,
    16264,
    16265,
    16266,
    16267,
    16268,
    16269,
    16270,
    16271,
    16272,
    16273,
    16274,
    16275,
    16276,
    16277,
    16278,
    16279,
    16280,
    16281,
    16282,
    16283,
    16284,
    16285,
    16286,
    16287,
    16288,
    16289,
    16290,
    16291,
    16292,
    16293,
    16294,
    16295,
    16296,
    16297,
    16298,
    16299,
    16300,
    16301,
    16302,
    16303,
    16306,
    16307,
    16308,
    16309,
    16310,
    16311,
    16312,
    16313,
    16314,
    16315,
    16614,
    16642,
    16760,
    16851,
    16870,
    16935,
    17031,
    18874,
    18923,
    18941,
    18945,
    19251,
    19262,
    15814,
    16657,
    17032,
    5614,
    7609,
    7620,
    7628,
    7629,
    7630,
    7631,
    7666,
    7670,
    7794,
    7796,
    7936,
    8346,
    8354,
    8359,
    8365,
    8515,
    8647,
    8682,
    8683,
    8684,
    8685,
    8711,
    8712,
    8713,
    8714,
    8923,
    8960,
    9113,
    9116,
    9118,
    9168,
    9175,
    9188,
    9205,
    9412,
    9421,
    9483,
    9589,
    9742,
    9744,
    10392,
    11591,
    11597,
    11711,
    11746,
    11762,
    12808,
    12907,
    13257,
    13288,
    13367,
    13369,
    13373,
    13387,
    13404,
    13405,
    13591,
    13615,
    13623,
    13624,
    13625,
    13627,
    13628,
    13629,
    13630,
    15682,
    15683,
    15684,
    15685,
    15686,
    15687,
    15688,
    15689,
    15690,
    15691,
    15692,
    15693,
    15694,
    15695,
    15696,
    15697,
    15698,
    15699,
    15700,
    15701,
    15702,
    15703,
    15704,
    15705,
    15706,
    15707,
    15708,
    15709,
    15710,
    15711,
    15712,
    15713,
    15714,
    15715,
    15716,
    15717,
    15718,
    15719,
    15720,
    15721,
    15722,
    15723,
    15724,
    15725,
    15726,
    15727,
    15728,
    15729,
    15730,
    15731,
    15732,
    15733,
    15734,
    15735,
    15736,
    15737,
    15739,
    15740,
    15741,
    15742,
    15743,
    15744,
    15746,
    15747,
    15748,
    15749,
    15751,
    15752,
    15753,
    15754,
    15755,
    15756,
    15757,
    15758,
    15759,
    15760,
    15761,
    15762,
    15763,
    15764,
    15765,
    15766,
    15767,
    15768,
    15769,
    15770,
    15771,
    15772,
    15773,
    15774,
    15775,
    15776,
    15777,
    15778,
    15779,
    15780,
    15781,
    15782,
    15783,
    15784,
    15786,
    15787,
    15788,
    15789,
    15790,
    15791,
    15792,
    15793,
    15794,
    15795,
    15796,
    15797,
    15798,
    15799,
    15800,
    15801,
    15802,
    15803,
    15804,
    15805,
    15816,
    15817,
    15818,
    15819,
    15820,
    15821,
    15822,
    15823,
    15824,
    15825,
    15826,
    15827,
    15828,
    15829,
    15830,
    15831,
    16132,
    16135,
    16383,
    17099,
    18561,
    18779,
    18951,
    18952,
    18953,
    18954,
    18955,
    18977,
    18978,
    18979,
    18980,
    18981,
    18982,
    18983,
    18987,
    18988,
    18989,
    18990,
    18991,
    18992,
    18994,
    18995,
    18996,
    18997,
    18998,
    18999,
    19000,
    19001,
    19002,
    19004,
    19006,
    19007,
    19008,
    19009,
    19010,
    19011,
    19012,
    19013,
    19014,
    19015,
    19016,
    19017,
    19018,
    19019,
    19020,
    19021,
    19022,
    19023,
    19024,
    19029,
    19032,
    19033,
    19038,
    19039,
    19041,
    19046,
    19047,
    19048,
    19257,
    10936,
    15911,
    19050,
    19051,
    19052,
    19053,
    19054,
    19055,
    19056,
    19057,
    19058,
    19059,
    19060,
    19061,
    19062,
    19063,
    19064,
    19065,
    19066,
    19067,
    19068,
    19069,
    19070,
    19071,
    19072,
    19073,
    19074,
    19075,
    19076,
    19077,
    19078,
    19079,
    19080,
    19081,
    19082,
    19083,
    19084,
    19085,
    19086,
    19087,
    19088,
    19090,
    19091,
    19092,
    19093,
    19094,
    19095,
    19096,
    19097,
    19098,
    19099,
    19100,
    19101,
    19102,
    19103,
    19104,
    19105,
    19106,
    19107,
    19108,
    19109,
    19110,
    19111,
    19112,
    19113,
    19114,
    19115,
    19116,
    19117,
    19118,
    19119,
    19120,
    19121,
    19122,
    19123,
    19124,
    19125,
    19126,
    19127,
    19128,
    19129,
    19130,
    19131,
    19132,
    19133,
    19134,
    19135,
    19136,
    19137,
    19138,
    19139,
    19140,
    19141,
    19142,
    19143,
    19144,
    19145,
    19146,
    19147,
    19148,
    19149,
    19150,
    19151,
    19152,
    19153,
    19154,
    19155,
    19156,
    19157,
    19158,
    19159,
    19160,
    19161,
    19162,
    19163,
    19164,
    19165,
    19166,
    19167,
    19168,
    19169,
    19170,
    11164,
    10381,
    15833,
    15952,
    15984,
    11626,
    11627,
    11739,
    11740,
    11741,
    11742,
    5611,
    10481,
    18565,
    18566,
    6828,
    6829,
    6830,
    6831,
    6832,
    6833,
    6834,
    6835,
    6836,
    6837,
    6838,
    6839,
    6840,
    6841,
    6842,
    6843,
    6844,
    6845,
    6846,
    6847,
    6848,
    6849,
    6850,
    6851,
    6852,
    6853,
    6854,
    6855,
    6856,
    6857,
    6858,
    6859,
    6860,
    6861,
    6862,
    6863,
    6864,
    6865,
    6866,
    6867,
    6868,
    6869,
    6870,
    6871,
    6875,
    6876,
    6877,
    6878,
    6879,
    6880,
    6881,
    6882,
    6883,
    6884,
    6885,
    6886,
    6887,
    6888,
    6889,
    6890,
    6891,
    6892,
    6893,
    6894,
    6895,
    6896,
    6897,
    6898,
    6899,
    6900,
    6901,
    6902,
    6903,
    6904,
    6905,
    6906,
    6907,
    6908,
    6909,
    6910,
    6911,
    6912,
    6913,
    6914,
    6915,
    6916,
    6917,
    6924,
    6925,
    6926,
    6927,
    6928,
    6929,
    6930,
    6931,
    6932,
    6933,
    6934,
    6935,
    6936,
    6937,
    6938,
    6939,
    6940,
    6941,
    6942,
    6943,
    6944,
    6945,
    6946,
    6947,
    6948,
    6949,
    6950,
    7579,
    8668,
    8669,
    8670,
    8671,
    8672,
    8673,
    8674,
    8675,
    8676,
    8677,
    8678,
    8679,
    8680,
    9013,
    9014,
    9015,
    9016,
    9017,
    9018,
    9019,
    11772,
    13263,
    13370,
    13388,
    13390,
    13391,
    13392,
    13393,
    13603,
    13604,
    13605,
    13606,
    13607,
    13620,
    13621,
    15555,
    15556,
    15557,
    15558,
    15559,
    15560,
    15561,
    15562,
    15563,
    15564,
    15565,
    15566,
    15567,
    15568,
    15569,
    15570,
    15573,
    15574,
    15575,
    15578,
    15579,
    15580,
    15676,
    15677,
    15940,
    15943,
    15944,
    15960,
    15962,
    15963,
    15964,
    15965,
    15966,
    15967,
    15968,
    15969,
    15970,
    15971,
    15978,
    15979,
    15980,
    15981,
    15982,
    15997,
    15998,
    15999,
    16000,
    16001,
    16002,
    16003,
    16004,
    16005,
    16006,
    16007,
    16008,
    16009,
    16010,
    16011,
    16012,
    16081,
    16082,
    16083,
    16084,
    16085,
    16086,
    16087,
    16088,
    16089,
    16090,
    16091,
    16092,
    16093,
    16094,
    16095,
    16096,
    16097,
    16098,
    16099,
    16100,
    16101,
    16102,
    16103,
    16104,
    16105,
    16106,
    16621,
    16643,
    16951,
    17006,
    18667,
    18766,
    18805,
    6953,
    7560,
    7561,
    7562,
    7563,
    7564,
    7565,
    7570,
    7571,
    7572,
    7573,
    8622,
    8930,
    11249,
    13589,
    13592,
    13596,
    15174,
    15175,
    15517,
    15545,
    15834,
    15835,
    15836,
    15837,
    15838,
    15839,
    15840,
    15928,
    15929,
    15930,
    15934,
    15936,
    15937,
    15938,
    15941,
    15951,
    15958,
    15959,
    15985,
    15986,
    15987,
    16179,
    16194,
    16208,
    16745,
    16773,
    17002,
    17003,
    17004,
    17005,
    17027,
    17028,
    17029,
    17030,
    17070,
    18774,
    16940,
    16941,
    16943,
    18487,
    18496,
    18536,
    18535,
    18919,
    18551,
    13573,
    5616,
    5617,
    5618,
    5619,
    5620,
    5621,
    5622,
    5623,
    5624,
    5625,
    5626,
    5627,
    5628,
    5629,
    5630,
    5631,
    5632,
    5633,
    5634,
    5635,
    5636,
    5637,
    5638,
    5639,
    5640,
    5641,
    5642,
    5643,
    5644,
    9550,
    17202,
    17203,
    17204,
    17205,
    17206,
    17207,
    17208,
    17209,
    17210,
    17211,
    17212,
    17213,
    17214,
    17215,
    17216,
    17217,
    17218,
    17219,
    17220,
    17221,
    17222,
    17223,
    17224,
    17225,
    17226,
    17227,
    17228,
    17229,
    17230,
    17231,
    17232,
    17233,
    17234,
    17235,
    17236,
    17237,
    17238,
    17239,
    17240,
    17241,
    17242,
    17243,
    17244,
    17245,
    17246,
    17247,
    17248,
    17249,
    17250,
    17251,
    17252,
    17253,
    17254,
    17255,
    17256,
    17257,
    17258,
    17259,
    17260,
    17261,
    17262,
    17263,
    17264,
    17265,
    17266,
    17267,
    17268,
    17269,
    17270,
    17271,
    17272,
    17273,
    17274,
    17275,
    17276,
    17277,
    17278,
    17279,
    17280,
    17281,
    17282,
    17283,
    17284,
    17285,
    17286,
    17287,
    17288,
    17289,
    17290,
    17291,
    17292,
    17293,
    17294,
    17295,
    17296,
    17297,
    17298,
    17299,
    17300,
    17301,
    17302,
    17303,
    17304,
    17305,
    17306,
    17307,
    17308,
    17309,
    17310,
    17311,
    17312,
    17313,
    17314,
    17315,
    17316,
    17317,
    17318,
    17319,
    17320,
    17321,
    17322,
    17323,
    17324,
    17325,
    17326,
    17327,
    17328,
    17329,
    17330,
    17331,
    17332,
    17333,
    17334,
    17335,
    17336,
    17337,
    17338,
    17339,
    17340,
    17341,
    17342,
    17343,
    17344,
    17345,
    17346,
    17347,
    17348,
    17349,
    17350,
    17351,
    17352,
    17353,
    17354,
    17355,
    17356,
    17357,
    17358,
    17359,
    17360,
    17361,
    17362,
    17363,
    17364,
    17365,
    17366,
    17367,
    17368,
    17369,
    17370,
    17371,
    17372,
    17373,
    17374,
    17375,
    17376,
    17377,
    17378,
    17379,
    17380,
    17381,
    17382,
    17383,
    17384,
    17385,
    17386,
    17387,
    17388,
    17389,
    17390,
    17391,
    17392,
    17393,
    17394,
    17395,
    17396,
    17397,
    17398,
    17399,
    17400,
    17401,
    17402,
    17403,
    17404,
    17405,
    17406,
    17407,
    17408,
    17409,
    17410,
    17411,
    17412,
    17413,
    17414,
    17415,
    17416,
    17417,
    17418,
    17419,
    17420,
    17421,
    17422,
    17423,
    17424,
    17425,
    17426,
    17427,
    17428,
    17429,
    17430,
    17431,
    17432,
    17433,
    17434,
    17435,
    17436,
    17437,
    17438,
    17439,
    17440,
    17441,
    17442,
    17443,
    17444,
    17445,
    17446,
    17447,
    17448,
    17449,
    17450,
    17451,
    17452,
    17453,
    17454,
    17455,
    17456,
    17457,
    17458,
    17459,
    17460,
    17461,
    17462,
    17463,
    17464,
    17465,
    17466,
    17467,
    17468,
    17469,
    17470,
    17471,
    17472,
    17473,
    17474,
    17475,
    17476,
    17477,
    17478,
    17479,
    17480,
    17481,
    17482,
    17483,
    17484,
    17485,
    17486,
    17487,
    17488,
    17489,
    17490,
    17491,
    17492,
    17493,
    17494,
    17495,
    17496,
    17497,
    17498,
    17499,
    17500,
    17501,
    17502,
    17503,
    17504,
    17505,
    17506,
    17507,
    17508,
    17509,
    17510,
    17511,
    17512,
    17513,
    17514,
    17515,
    17516,
    17517,
    17518,
    17519,
    17520,
    17521,
    17522,
    17523,
    17524,
    17525,
    17526,
    17527,
    17528,
    17529,
    17530,
    17531,
    17532,
    17533,
    17534,
    17535,
    17536,
    17537,
    17538,
    17539,
    17540,
    17541,
    17542,
    17543,
    17544,
    17545,
    17546,
    17547,
    17548,
    17549,
    17550,
    17551,
    17552,
    17553,
    17554,
    17555,
    17556,
    17557,
    17558,
    17559,
    17560,
    17561,
    17562,
    17563,
    17564,
    17565,
    17566,
    17567,
    17568,
    17569,
    17570,
    17571,
    17572,
    17573,
    17574,
    17575,
    17576,
    17577,
    17578,
    17579,
    17580,
    17581,
    17582,
    17583,
    17584,
    17585,
    17586,
    17587,
    17588,
    17589,
    17590,
    17591,
    17592,
    17593,
    17594,
    17595,
    17596,
    17597,
    17598,
    17599,
    17600,
    17601,
    17602,
    17603,
    17604,
    17605,
    17606,
    17607,
    17608,
    17609,
    17610,
    17611,
    17612,
    17613,
    17614,
    17615,
    17616,
    17617,
    17618,
    17619,
    17620,
    17621,
    17622,
    17623,
    17624,
    17625,
    17626,
    17627,
    17628,
    17629,
    17630,
    17631,
    17632,
    17633,
    17634,
    17635,
    17636,
    17637,
    17638,
    17639,
    17640,
    17641,
    17642,
    17643,
    17644,
    17645,
    17646,
    17647,
    17648,
    17649,
    17650,
    17651,
    17652,
    17653,
    17654,
    17655,
    17656,
    17657,
    17658,
    17659,
    17660,
    17661,
    17662,
    17663,
    17664,
    17665,
    17666,
    17667,
    17668,
    17669,
    17670,
    17671,
    17672,
    17673,
    17674,
    17675,
    17676,
    17677,
    17678,
    17679,
    17680,
    17681,
    17682,
    17683,
    17684,
    17685,
    17686,
    17687,
    17688,
    17689,
    17690,
    17691,
    17692,
    17693,
    17694,
    17695,
    17696,
    17697,
    17698,
    17699,
    17700,
    17701,
    17702,
    17703,
    17704,
    17705,
    17706,
    17707,
    17708,
    17709,
    17710,
    17711,
    17712,
    17713,
    17714,
    17715,
    17716,
    17717,
    17718,
    17719,
    17720,
    17721,
    17722,
    17723,
    17724,
    17725,
    17726,
    17727,
    17728,
    17729,
    17730,
    17731,
    17732,
    17733,
    17734,
    17735,
    17736,
    17737,
    17738,
    17739,
    17740,
    17741,
    17742,
    17743,
    17744,
    17745,
    17746,
    17747,
    17748,
    17749,
    17750,
    17751,
    17752,
    17753,
    17754,
    17755,
    17756,
    17757,
    17758,
    17759,
    17760,
    17761,
    17762,
    17763,
    17764,
    17765,
    17766,
    17767,
    17768,
    17769,
    17770,
    17771,
    17772,
    17773,
    17774,
    17775,
    17776,
    17777,
    17778,
    17779,
    17780,
    17781,
    17782,
    17783,
    17784,
    17785,
    17786,
    17787,
    17788,
    17789,
    17790,
    17791,
    17792,
    17793,
    17794,
    17795,
    17796,
    17797,
    17798,
    17799,
    17800,
    17801,
    17802,
    17803,
    17804,
    17805,
    17806,
    17807,
    17808,
    17809,
    17810,
    17811,
    17812,
    17813,
    17814,
    17815,
    17816,
    17817,
    17818,
    17819,
    17820,
    17821,
    17822,
    17823,
    17824,
    17825,
    17826,
    17827,
    17828,
    17829,
    17830,
    17831,
    17832,
    17833,
    17834,
    17835,
    17836,
    17837,
    17838,
    17839,
    17840,
    17841,
    17842,
    17843,
    17844,
    17845,
    17846,
    17847,
    17848,
    17849,
    17850,
    17851,
    17852,
    17853,
    17854,
    17855,
    17856,
    17857,
    17858,
    17859,
    17860,
    17861,
    17862,
    17863,
    17864,
    17865,
    17866,
    17867,
    17868,
    17869,
    17870,
    17871,
    17872,
    17873,
    17874,
    17875,
    17876,
    17877,
    17878,
    17879,
    17880,
    17881,
    17882,
    17883,
    17884,
    17885,
    17886,
    17887,
    17888,
    17889,
    17890,
    17891,
    17892,
    17893,
    17894,
    17895,
    17896,
    17897,
    17898,
    17899,
    17900,
    17901,
    17902,
    17903,
    17904,
    17905,
    17906,
    17907,
    17908,
    17909,
    17910,
    17911,
    17912,
    17913,
    17914,
    17915,
    17916,
    17917,
    17918,
    17919,
    17920,
    17921,
    17922,
    17923,
    17924,
    17925,
    17926,
    17927,
    17928,
    17929,
    17930,
    17931,
    17932,
    17933,
    17934,
    17935,
    17936,
    17937,
    17938,
    17939,
    17940,
    17941,
    17942,
    17943,
    17944,
    17945,
    17946,
    17947,
    17948,
    17949,
    17950,
    17951,
    17952,
    17953,
    17954,
    17955,
    17956,
    17957,
    17958,
    17959,
    17960,
    17961,
    17962,
    17963,
    17964,
    17965,
    17966,
    17967,
    17968,
    17969,
    17970,
    17971,
    17972,
    17973,
    17974,
    17975,
    17976,
    17977,
    17978,
    17979,
    17980,
    17981,
    17982,
    17983,
    17984,
    17985,
    17986,
    17987,
    17988,
    17989,
    17990,
    17991,
    17992,
    17993,
    17994,
    17995,
    17996,
    17997,
    17998,
    17999,
    18000,
    18001,
    18002,
    18003,
    18004,
    18005,
    18006,
    18007,
    18008,
    18009,
    18010,
    18011,
    18012,
    18013,
    18014,
    18015,
    18016,
    18017,
    18018,
    18019,
    18020,
    18021,
    18022,
    18023,
    18024,
    18025,
    18026,
    18027,
    18028,
    18029,
    18030,
    18031,
    18032,
    18033,
    18034,
    18035,
    18036,
    18037,
    18038,
    18039,
    18040,
    18041,
    18042,
    18043,
    18044,
    18045,
    18046,
    18047,
    18048,
    18049,
    18050,
    18051,
    18052,
    18053,
    18054,
    18055,
    18056,
    18057,
    18058,
    18059,
    18060,
    18061,
    18062,
    18063,
    18064,
    18065,
    18066,
    18067,
    18068,
    18069,
    18070,
    18071,
    18072,
    18073,
    18074,
    18075,
    18076,
    18077,
    18078,
    18079,
    18080,
    18081,
    18082,
    18083,
    18084,
    18085,
    18086,
    18087,
    18088,
    18089,
    18090,
    18091,
    18092,
    18093,
    18094,
    18095,
    18096,
    18097,
    18098,
    18099,
    18100,
    18101,
    18102,
    18103,
    18104,
    18105,
    18106,
    18107,
    18108,
    18109,
    18110,
    18111,
    18112,
    18113,
    18114,
    18115,
    18116,
    18117,
    18118,
    18119,
    18120,
    18121,
    18122,
    18123,
    18124,
    18125,
    18126,
    18127,
    18128,
    18129,
    18130,
    18131,
    18132,
    18133,
    18134,
    18135,
    18136,
    18137,
    18138,
    18139,
    18140,
    18141,
    18142,
    18143,
    18144,
    18145,
    18146,
    18147,
    18148,
    18149,
    18150,
    18151,
    18152,
    18153,
    18154,
    18155,
    18156,
    18157,
    18158,
    18159,
    18160,
    18161,
    18162,
    18163,
    18164,
    18165,
    18166,
    18167,
    18168,
    18169,
    18170,
    18171,
    18172,
    18173,
    18174,
    18175,
    18176,
    18177,
    18178,
    18179,
    18180,
    18181,
    18182,
    18183,
    18184,
    18185,
    18186,
    18187,
    18188,
    18189,
    18190,
    18191,
    18192,
    18193,
    18194,
    18195,
    18196,
    18197,
    18198,
    18199,
    18200,
    18201,
    18202,
    18203,
    18204,
    18205,
    18206,
    18207,
    18208,
    18209,
    18210,
    18211,
    18212,
    18213,
    18214,
    18215,
    18216,
    18217,
    18218,
    18219,
    18220,
    18221,
    18222,
    18223,
    18224,
    18225,
    18226,
    18227,
    18228,
    18229,
    18230,
    18231,
    18232,
    18233,
    18234,
    18235,
    18236,
    18237,
    18238,
    18239,
    18240,
    18241,
    18242,
    18243,
    18244,
    18245,
    18246,
    18247,
    18248,
    18249,
    18250,
    18251,
    18252,
    18253,
    18254,
    18255,
    18256,
    18257,
    18258,
    18259,
    18260,
    18261,
    18262,
    18263,
    18264,
    18265,
    18266,
    18267,
    18268,
    18269,
    18270,
    18271,
    18272,
    18273,
    18274,
    18275,
    18276,
    18277,
    18278,
    18279,
    18280,
    18281,
    18282,
    18283,
    18284,
    18285,
    18286,
    18287,
    18288,
    18289,
    18290,
    18292,
    18293,
    18294,
    18295,
    18296,
    18297,
    18298,
    18299,
    18300,
    18301,
    18302,
    18303,
    18304,
    18305,
    18306,
    18307,
    18308,
    18309,
    18310,
    18311,
    18312,
    18313,
    18314,
    18315,
    18316,
    18317,
    18318,
    18319,
    18320,
    18321,
    18322,
    18323,
    18324,
    18325,
    18326,
    18327,
    18328,
    18329,
    18330,
    18331,
    18332,
    18333,
    18334,
    18335,
    18336,
    18337,
    18338,
    18339,
    18340,
    18341,
    18342,
    18343,
    18344,
    18345,
    18346,
    18347,
    18348,
    18349,
    18350,
    18351,
    18352,
    18353,
    18354,
    18355,
    18356,
    18357,
    18358,
    18359,
    18360,
    18361,
    18362,
    18363,
    18364,
    18365,
    18366,
    18367,
    18368,
    18369,
    18370,
    18371,
    18372,
    18373,
    18374,
    18375,
    18376,
    18377,
    18378,
    18379,
    18380,
    18381,
    18382,
    18383,
    18384,
    18385,
    18386,
    18387,
    18388,
    18389,
    18390,
    18391,
    18392,
    18393,
    18394,
    18395,
    18396,
    18397,
    18398,
    18399,
    18400,
    18401,
    18402,
    18403,
    18404,
    18405,
    18406,
    18407,
    18408,
    18409,
    18410,
    18411,
    18412,
    18413,
    18414,
    18415,
    18416,
    18417,
    18418,
    18419,
    18420,
    18421,
    18422,
    18423,
    18424,
    18425,
    18426,
    18427,
    18428,
    18429,
    18430,
    18431,
    18432,
    18433,
    18434,
    18435,
    18436,
    18437,
    18438,
    18439,
    18440,
    18441,
    18442,
    18443,
    18444,
    18445,
    18446,
    18447,
    18448,
    18449,
    18450,
    18451,
    18452,
    18453,
    18454,
    18455,
    18456,
    18457,
    18458,
    18459,
    18460,
    18461,
    18462,
    18463,
    18464,
    18465,
    18466,
    18467,
    18468,
    18469,
    18470,
    8623,
    13468,
    13469,
    18788,
    18926,
    18927,
    18928,
    18929,
    18930,
    18931,
    9006,
    9012,
    9150,
    15577,
    15634,
    15636,
    15637,
    15638,
    15639,
    15640,
    15643,
    15644,
    15645,
    15660,
    15661,
    15662,
    15663,
    15596,
    15597,
    15598,
    15599,
    15600,
    15601,
    15602,
    15603,
    15604,
    15605,
    15606,
    15608,
    15609,
    15610,
    15611,
    15612,
    15613,
    15614,
    15615,
    15616,
    15617,
    15618,
    15619,
    15620,
    15621,
    15622,
    15623,
    15624,
    15625,
    15626,
    15627,
    15628,
    15629,
    15630,
    15631,
    15632,
    4566,
    7334,
    7352,
    7361,
    7503,
    7519,
    9001,
    9022,
    9141,
    9142,
    9143,
    9144,
    9145,
    9146,
    9147,
    9162,
    13336,
    13398,
    13401,
    13410,
    13411,
    13412,
    13413,
    13414,
    13415,
    13416,
    13417,
    13418,
    13419,
    13420,
    13421,
    13423,
    13424,
    13425,
    13443,
    15738,
    15953,
    16013,
    16550,
    16551,
    11732,
    9827,
    9828,
    9843,
    9867,
    9881,
    9883,
    9886,
    9893,
    9942,
    9965,
    9971,
    9983,
    9993,
    10008,
    10017,
    10034,
    10044,
    10048,
    10053,
    10057,
    10063,
    10066,
    10076,
    10087,
    10092,
    10096,
    10120,
    10125,
    10127,
    10140,
    10145,
    10158,
    10170,
    10173,
    10175,
    10188,
    10210,
    10214,
    10216,
    10219,
    10232,
    10234,
    10236,
    10265,
    10271,
    10278,
    10440,
    10451,
    10453,
    10457,
    10467,
    10482,
    10487,
    10490,
    10493,
    10494,
    10496,
    10505,
    10510,
    10511,
    10513,
    10525,
    10531,
    10534,
    10537,
    10540,
    10542,
    10549,
    10550,
    10553,
    10565,
    10566,
    10569,
    10577,
    10579,
    10585,
    10593,
    10595,
    10610,
    10613,
    10633,
    10662,
    10679,
    10685,
    10690,
    10691,
    10693,
    10697,
    10702,
    10706,
    10708,
    10709,
    10714,
    10722,
    10763,
    10765,
    10773,
    10780,
    10781,
    10784,
    10792,
    10796,
    10800,
    10810,
    10819,
    10825,
    10830,
    10834,
    10841,
    10843,
    10844,
    10849,
    10851,
    10852,
    10872,
    10875,
    10880,
    10881,
    10883,
    10886,
    10889,
    10893,
    10898,
    10899,
    10901,
    10902,
    10905,
    10906,
    10907,
    10908,
    10909,
    10910,
    10912,
    10914,
    10915,
    18776,
    9391,
    5262,
    5263,
    5264,
    5265,
    5266,
    5267,
    5268,
    5269,
    5270,
    5271,
    5272,
    5273,
    5274,
    5277,
    5280,
    5281,
    5282,
    5288,
    5289,
    5290,
    5293,
    5295,
    5296,
    5297,
    5298,
    5299,
    5300,
    5302,
    5303,
    5305,
    5306,
    5307,
    5309,
    5310,
    5311,
    5312,
    5313,
    5314,
    5315,
    5317,
    5318,
    5320,
    5322,
    5324,
    5325,
    5326,
    5327,
    5328,
    5329,
    5330,
    5331,
    5332,
    5333,
    5334,
    5335,
    5336,
    5337,
    5338,
    5339,
    5340,
    5341,
    5342,
    5343,
    5344,
    5345,
    5346,
    5348,
    5349,
    5350,
    5352,
    5355,
    5356,
    5357,
    5360,
    5365,
    5367,
    5370,
    5371,
    5372,
    5373,
    5377,
    8584,
    8586,
    8587,
    8590,
    8600,
    8603,
    8604,
    8608,
    8613,
    8614,
    8615,
    8617,
    8925,
    8927,
    8928,
    8947,
    9301,
    9302,
    9303,
    9304,
    9305,
    9306,
    9307,
    9308,
    9311,
    9312,
    9313,
    9315,
    9317,
    9319,
    9320,
    9321,
    9322,
    9323,
    9324,
    9325,
    9326,
    9327,
    9328,
    9329,
    9333,
    9341,
    9342,
    9344,
    9345,
    9346,
    9347,
    9348,
    9349,
    9350,
    9351,
    9353,
    9354,
    9356,
    9357,
    9358,
    9362,
    9363,
    9364,
    9368,
    9372,
    9374,
    9375,
    9377,
    9378,
    9379,
    9380,
    9381,
    9382,
    9383,
    9384,
    9385,
    9386,
    9387,
    9388,
    10917,
    10919,
    10920,
    10921,
    10923,
    10926,
    10927,
    10928,
    10929,
    10930,
    10932,
    10933,
    10934,
    11759,
    11760,
    13736,
    13738,
    13739,
    13740,
    13741,
    13742,
    13743,
    13745,
    13746,
    13747,
    13748,
    13749,
    13754,
    13755,
    13758,
    13759,
    13762,
    16618,
    16619,
    8343,
    13458,
    8621,
    8681,
    9389,
    9390,
    9699,
    10937,
    15554,
    16852,
    6922,
    7574,
    8940,
    8941,
    15571,
    15939,
    15954,
    15955,
    16948,
    18558,
    8632,
    18524,
    18522]